4 833 113 62 214 
8 502 114 203 206 
11 240 114 12 204 
12 206 124 11 13 
13 185 139 12 14 
14 168 159 13 15 
15 157 186 14 16 
16 152 222 15 196 
24 241 304 118 149 153 194 
28 349 307 117 118 147 157 
33 155 382 194 217 
46 236 500 219 225 
49 338 505 221 225 
51 423 504 52 221 
52 464 503 51 53 
53 512 503 52 54 
54 559 503 53 55 
55 611 503 54 56 
56 683 504 55 57 
57 745 505 56 58 
58 806 505 57 59 
59 883 504 58 60 
60 940 503 59 61 
61 996 503 60 62 
62 1047 495 61 63 4 
63 1100 488 62 64 
64 1143 484 63 65 
65 1180 478 64 66 
66 1231 473 65 67 
67 1294 469 66 68 
68 1350 466 67 69 
69 1405 463 68 70 74 
70 1464 456 69 71 
71 1500 444 70 72 
72 1539 414 71 73 
73 1565 375 72 79 
74 1378 450 69 75 
75 1355 433 74 76 
76 1338 416 75 77 
77 1311 389 76 78 
78 1288 359 77 100 
79 1576 342 73 80 
80 1580 309 79 81 
81 1571 269 80 82 
82 1554 229 81 83 
83 1526 197 82 84 
84 1490 174 83 85 
85 1442 161 84 86 
86 1398 160 85 87 92 
87 1325 159 86 88 
88 1274 159 87 89 
89 1235 157 88 90 
90 1198 155 89 91 
91 1161 155 90 
92 1368 173 86 93 
93 1345 187 92 94 
94 1326 204 93 95 
95 1316 222 94 96 
96 1296 245 95 97 
97 1277 265 96 98 
98 1244 288 97 99 
99 1200 302 98 103 104 
100 1264 341 78 101 
101 1235 322 100 103 
103 1217 312 99 101 
104 1172 302 99 190 
106 1041 304 107 189 
107 988 305 106 108 
108 943 305 107 109 
109 886 306 108 110 
110 830 304 109 140 159 182 
113 681 307 114 140 142 186 
114 610 307 113 115 
115 524 307 114 116 
116 453 308 115 117 
117 401 309 116 28 
118 297 306 28 24 119 120 
119 296 370 118 121 146 152 
120 295 241 118 154 155 160 
121 298 403 119 122 
122 304 433 121 123 
123 324 451 122 124 
124 358 458 123 125 
125 396 457 124 127 
127 424 457 125 128 
128 457 458 127 129 
129 483 458 128 130 
130 518 457 129 131 
131 553 457 130 132 
132 594 457 131 133 
133 628 458 132 134 
134 672 457 133 135 
135 707 457 134 136 
136 730 449 135 137 
137 744 434 136 138 
138 753 407 137 141 
140 758 309 110 113 141 179 
141 760 366 138 140 144 158 
142 716 317 113 145 
144 745 339 141 145 
145 733 326 144 142 
146 308 340 119 147 
147 325 319 28 146 
149 267 318 24 151 
151 282 334 149 152 
152 289 351 151 119 
153 261 288 24 154 
154 281 269 153 120 
155 305 260 120 156 
156 314 279 155 157 
157 330 295 28 156 
158 773 342 141 159 
159 798 322 158 110 
160 295 211 120 161 
161 306 178 160 162 
162 328 163 161 163 
163 361 159 162 164 
164 397 157 163 165 
165 433 157 164 166 
166 474 157 165 168 
168 509 157 166 174 
170 589 158 171 174 
171 631 158 170 172 
172 673 158 171 175 
174 551 158 170 168 
175 711 160 172 176 
176 738 177 175 177 
177 750 199 176 179 
179 755 254 140 177 180 188 
180 773 274 179 183 
182 805 295 110 183 
183 788 288 182 180 
186 701 301 113 187 
187 719 294 186 188 
188 737 277 187 179 
189 1088 303 106 190 
190 1133 304 104 189 
194 174 309 24 33 196 
196 150 269 194 16 
199 368 113 200 205 
200 402 113 199 202 
202 439 114 200 203 
203 470 114 202 8 
204 288 112 11 205 
205 329 113 199 204 
206 543 114 8 207 
207 583 114 206 208 
208 622 113 207 211 
211 664 114 208 212 
212 710 113 211 213 
213 754 113 212 214 
214 795 113 4 213 
217 155 424 33 218 
218 169 459 217 219 
219 198 487 46 218 
221 383 505 51 49 
225 287 504 49 46 
